2605.06651
2605.22794
2601.12560
2606.27483
2606.28277
2606.30639
2607.05179
2502.12524
2601.00215
2601.06521
2601.10587
2601.12882
2602.04202
2602.15926
2603.00518
2603.18585
2603.23246
2604.00528
2604.03674
2604.05546
2604.08626
2604.07966
2604.18564
2604.20329
2604.22554
2604.14816
2604.25427
2605.01081
2605.02641
2605.04040
2605.03547
2605.03359
2605.03999
2605.03927
2605.06143
2605.05668
2605.05955
2605.09503
2605.11898
2605.12500
2605.13667
2605.18736
2605.20185
2605.00548
2605.16355
2605.15901
2605.28820
2605.18160
2605.30561
2606.02491
2606.04264
2606.05031
2606.07433
2606.12189
2606.10183
2406.06525
2406.10324
2606.14162
2606.06891
2606.24799
2606.24441
2606.25041
2606.24829
2606.19534
2607.02494
2607.03524
2607.05373
2607.05247
2407.08083
2511.16719
2607.06560
2507.19942
2508.10146
2510.03902
2510.24663
2511.00872
2512.07921
2601.04237
2511.15755
2601.09822
2601.13671
2601.19752
2601.22037
2603.22386
2603.22791
2604.13120
2604.11378
2604.16646
2604.20133
2605.02162
2605.02801
2605.05007
2605.06957
2605.13357
2605.14089
2605.18747
2605.22138
2505.19591
2604.26615
2510.01379
2606.02388
2606.05304
2606.01385
2603.25111
2602.16873
2605.13850
2605.05657
2606.21856
2606.31518
2607.01120
2607.03702
2607.19336
2509.11079
2502.19411
2505.18646
2508.11126
2601.11687
2603.29957
2510.10460
2502.05664
2503.23145
2601.03731
2508.12683
2509.17489
2602.17100
2603.19677
2604.00901
2404.02183
2604.16321
2605.20425
2605.27466
2603.25928
2605.29790
2606.01490
2606.03115
2602.03128
2602.10479
2510.18893
2606.13707
2605.05485
2605.18073
2501.17167
2506.13820
2605.08670
2606.10546
2603.27850
2606.20631
2501.04227
2507.19902
2512.08769
2602.01465
2604.00073
2604.26275
2604.27955
2512.10398
2606.12191
2510.03463
2509.06216
2607.01087
2511.08475
2601.02454
2602.06593
2604.02547
2604.12108
2604.24212
2605.08717
2602.06875
2606.07462
2512.18470
2607.02606
2607.06195
2607.08964
2607.12068
2607.18754
2602.20867
2603.01145
2603.00718
2603.22862
2603.25158
2604.00835
2604.04323
2604.08224
2604.07791
2605.25430
2512.13278
2602.12430
2606.13317
2607.01874
2607.06283
2405.12521
2512.05117
2602.08857
2603.27153
2604.00860
2604.02178
2604.04356
2604.05846
2604.10098
2604.09459
2604.13366
2405.07406
2604.20796
2604.18401
2604.19980
2604.27859
2604.27998
2604.23747
2604.26355
2605.00334
2605.00742
2605.00300
2605.01172
2605.01735
2605.02014
2605.04061
2605.04036
2605.04330
2605.05358
2506.04761
2605.06548
2605.05755
2605.09867
2605.08587
2605.00419
2605.10181
2605.11388
2605.14200
2605.15454
2605.15459
2605.15155
2605.13887
2605.18753
2605.19376
2605.20548
2605.20670
2605.00257
2605.26355
2605.22821
2605.15842
2606.01806
2606.03347
2606.04106
2606.04032
2606.06473
2606.08346
2606.00133
2606.08647
2606.26128
2606.12384
2606.09287
2606.17551
2606.16140
2606.18910
2606.11946
2606.23670
2606.00206
2406.18354
2607.00535
2607.02800
2407.01234
2607.13350
2607.18363
2607.17560
2607.13295
2505.15616
2506.03106
2507.02259
2601.03368
2202.06387
2602.20336
2603.05727
2603.23198
2604.08764
2604.08477
2604.11778
2604.12710
2604.13592
2604.17555
2604.19766
2605.00768
2605.00846
2605.03799
2605.02035
2605.06527
2605.06597
2605.02073
2605.10187
2605.12466
2605.13373
2605.13687
2605.15156
2605.08142
2605.16941
2605.06638
2605.00253
2606.05201
2605.15923
2606.05901
2606.05626
2606.11470
2406.14197
2606.24331
2606.27634
2607.01006
2607.02416
2607.05722
2502.09980
2604.02190
2604.23001
2605.15559
2606.16533
2607.04610
2407.08693
2601.10729
2602.24044
2603.03772
2604.19157
2604.08304
2604.21072
2604.21026
2605.01280
2605.03042
2605.04019
2605.06206
2606.00506
2606.03061
2606.23001
2606.01722
2606.18394
2607.04206
2607.07207
2606.12360
2512.21066
2511.20236
2602.16698
2602.23977
2603.28597
2605.21758
2606.05972
2506.04237
2507.05810
2508.21197
2510.27413
2512.10805
2603.01372
2603.05899
2603.07343
2605.15688
2602.10457
2606.06514
2506.10922
2501.18887
2503.24365
2505.13100
2505.24729
2510.27207
2601.06701
2602.08768
2602.10532
2602.16608
2605.12350
2605.06295
2605.25052
2503.04261
2602.11159
2602.24176
2603.06302
2603.15607
2604.00187
2604.09628
2605.05329
2605.16041
2606.26523
2405.17767
2503.05613
2510.02917
2510.25013
2511.20273
2511.14465
2512.18092
2512.05865
2601.04398
2601.21996
2602.13483
2602.16823
2603.18353
2603.18523
2603.19183
2604.03764
2604.23719
2604.14477
2604.19974
2604.25011
2605.01555
2605.03058
2605.08934
2605.06095
2605.25225
2605.26343
2606.08292
2606.06333
2606.24026
2607.07903
2607.07316
2505.17120
2504.20676
